[LEFT_CAM_2K]
fx=1399.55
fy=1399.55
cx=1137.43
cy=559.787
k1=-0.168919
k2=0.0218185
k3=0
p1=0
p2=0

[RIGHT_CAM_2K]
fx=1400.57
fy=1400.57
cx=1131.69
cy=619.206
k1=-0.169836
k2=0.0225933
k3=0
p1=0
p2=0

[LEFT_CAM_FHD]
fx=1399.55
fy=1399.55
cx=993.43
cy=478.787
k1=-0.168919
k2=0.0218185
k3=0
p1=0
p2=0

[RIGHT_CAM_FHD]
fx=1400.57
fy=1400.57
cx=987.69
cy=538.206
k1=-0.169836
k2=0.0225933
k3=0
p1=0
p2=0

[LEFT_CAM_HD]
fx=699.775
fy=699.775
cx=655.215
cy=327.8935
k1=-0.168919
k2=0.0218185
k3=0
p1=0
p2=0

[RIGHT_CAM_HD]
fx=700.285
fy=700.285
cx=652.345
cy=357.603
k1=-0.169836
k2=0.0225933
k3=0
p1=0
p2=0

[LEFT_CAM_VGA]
fx=349.8875
fy=349.8875
cx=343.1075
cy=171.44675
k1=-0.168919
k2=0.0218185
k3=0
p1=0
p2=0

[RIGHT_CAM_VGA]
fx=350.1425
fy=350.1425
cx=341.6725
cy=186.3015
k1=-0.169836
k2=0.0225933
k3=0
p1=0
p2=0

[STEREO]
Baseline=120
TY=0
TZ=0
CV_2K=0.00826759
CV_FHD=0.00826759
CV_HD=0.00826759
CV_VGA=0.00826759
RX_2K=-0.00846298
RX_FHD=-0.00846298
RX_HD=-0.00846298
RX_VGA=-0.00846298
RZ_2K=-5.53011e-05
RZ_FHD=-5.53011e-05
RZ_HD=-5.53011e-05
RZ_VGA=-5.53011e-05

