[LEFT_CAM_2K]
fx=1398.88
fy=1398.88
cx=1131.91
cy=624.182
k1=-0.170487
k2=0.0253657
k3=0
p1=0
p2=0

[RIGHT_CAM_2K]
fx=1398.06
fy=1398.06
cx=1113.42
cy=613.207
k1=-0.168862
k2=0.0244448
k3=0
p1=0
p2=0

[LEFT_CAM_FHD]
fx=1398.88
fy=1398.88
cx=987.91
cy=543.182
k1=-0.170487
k2=0.0253657
k3=0
p1=0
p2=0

[RIGHT_CAM_FHD]
fx=1398.06
fy=1398.06
cx=969.42
cy=532.207
k1=-0.168862
k2=0.0244448
k3=0
p1=0
p2=0

[LEFT_CAM_HD]
fx=699.44
fy=699.44
cx=652.455
cy=360.091
k1=-0.170487
k2=0.0253657
k3=0
p1=0
p2=0

[RIGHT_CAM_HD]
fx=699.03
fy=699.03
cx=643.21
cy=354.6035
k1=-0.168862
k2=0.0244448
k3=0
p1=0
p2=0

[LEFT_CAM_VGA]
fx=349.72
fy=349.72
cx=341.7275
cy=187.5455
k1=-0.170487
k2=0.0253657
k3=0
p1=0
p2=0

[RIGHT_CAM_VGA]
fx=349.515
fy=349.515
cx=337.105
cy=184.80175
k1=-0.168862
k2=0.0244448
k3=0
p1=0
p2=0

[STEREO]
Baseline=120
TY=0
TZ=0
CV_2K=0.00612032
CV_FHD=0.00612032
CV_HD=0.00612032
CV_VGA=0.00612032
RX_2K=-0.0138007
RX_FHD=-0.0138007
RX_HD=-0.0138007
RX_VGA=-0.0138007
RZ_2K=-0.000659515
RZ_FHD=-0.000659515
RZ_HD=-0.000659515
RZ_VGA=-0.000659515

